-0.015374961384631337 0.941347452617871 2.761385938494522 4.543081814854988 0.022945803629038263 5.71456659269737 -0.2702893123414797 -9.98714154473294 
-1.812425637976284 0.2514083335832565 -1.4517719250730983 0.7603475956296255 -0.7641563596579471 -0.953938811728448 1.6298891118423307 -9.066925815717806 
1.9799551556789114 -3.7044382489338417 1.3567398415685696 1.0486307851692362 2.347320555711658 6.99193663051272 1.9924321455648974 -1.1466775568920409 
-3.451000279451826 -0.6121933432511081 -0.6293936761887015 1.649004412083973 -1.7117747264917287 -0.9857617825039217 1.039775302915634 -10.676636660455125 
6.732794821134106 8.25443104167785 0.8899720089472802 -9.308756878741894 4.689213242899798 -2.9541408801526274 -2.108444988155941 0.5497426844150265 
-4.733869967596176 -3.8121321401260806 -1.2115258784984764 -1.3491025060475097 -3.61929952710784 -2.8491464404107236 1.29189523866542 0.32380457213786695 
-5.279462424201412 -0.33076482756185743 0.929927104794323 2.971302702579331 -3.5641512771690147 -1.7306865957584157 1.5326563148956363 -16.786822797736466 
-0.4110459191234304 0.6217380630765132 1.6828237625950393 0.7454642253123995 -0.4166328192756123 1.191318191839886 1.987572066779587 -6.071709588862782 
-1.1417146705492094 0.5554860022934275 4.01176252438054 3.295944009865806 0.901940524215568 1.769966492004414 2.2510031442303218 -11.123373920723465 
-0.866814531804609 -4.31701347327711 -1.005578474866842 0.5138173689815708 -3.9336693964174634 0.4094444385386173 8.8656478131118 -1.859774105464464 
